13 11
19 11253
3426 4073
4300 6133
8636 5941
2061 3126
3888 2061
4336 2601
4000 9655
9655 4000
3316 984
3042 1248
4670 8310
1282 4156
533 3411
7447 2608 4031
6408 7778
1210 1780
8748 2146
2390 2146
4647 8943
3238 2063
4817 2608 4031
2608 4031 7447
4031 2608 7447
5255 8562
3609 9453
5010 5352
2146 2390
5352 5010
707 8951
10190 7062
3755 10190 7062
7062 10190
7842 4503
323 104
7644 10384
9701 2652
9792 4583
2604 5440
1836 10006
631 220
3945 4462
4666 9586
10448 1270
1380 825 3034
9710 3974
3883 9710
1613 5794
5296 8794
735 2085
2085 735
498 10225
9662 6282
9586 4666
1155 440
7863 1462
919 2305
2881 3404
9490 7993
7758 6029
4398 7002
9462 910
6565 5887
10253 6564
3298 3598 4962
4962 3598 3298
3598 3298 4962
3897 4761
4761 3897
1887 5041
3732 5490
4295 742
9320 4613
825 1380 3034
127 2506
3034 825 1380
175 657 918
8956 6337
193 3952
7330 9202
9202 7330
8348 9761
6723 595
10396 7330 9202
6337 2418
4583 9792
1459 984
5552 1434
4611 1845
1845 4611
1417 1845 4611
8603 2294
8660 7963
7277 771
10006 1836
4501 4761
8210 10225
10675 5662 7793
5662 4577 7793
4577 5662 7793
1701 7793
7793 5662
8730 9602 10207
6576 1595
9155 808
1175 1220
8638 1188
595 6723
1188 8638
1983 1562
8998 3873
2305 919
808 9155
6029 7758
5988 9208
3853 131
9602 10207 8730
706 213 1861
6290 2332
9665 8310
1822 2332
9453 3609
862 5879
5117 8502
8502 5117
8243 4342
131 3853
1925 1930
10207 8730 9602
1154 4153 8884
10093 2661
4465 2386
5879 862
9038 4796
770 3413
8648 10130
4823 104
2082 6673
6668 201
3369 104
2544 2269
1840 7851
2269 2544
4073 3426 6166
3838 2525
2117 532
2343 8812
4462 2313
9702 3314
1951 657 918
1116 7095
3334 5092
454 407 6133
4381 3206
1692 4652
7948 2816
2816 7948
3730 984
984 512
1823 512 984
7655 2443
7715 2443 7655
2443 7655
7496 4579
1382 910
993 4354
8317 9926 1422
4354 993
9926 1422 8317
2775 1366
1366 10063 2775
10063 1366 2775
512 984
9599 7378
1610 7378 9599
3116 2248
4153 8884
8537 480
4199 1715
384 1437
219 2906
3122 384
2074 6640
6590 6640
6640 2074
734 6590 6640
4110 4616
4156 1282
5525 4462
7378 9599
1719 7666
7957 10485
3700 8259
8001 7095
8206 7164
10485 7957
2313 4462
5401 4629
1825 1665
1437 384
7164 8206
1242 1930
5301 4813
8725 771
2271 1220
1220 1175
759 910
2854 7259
1422 9926 8317
10426 3917
4339 2265
2792 1715
3385 1270
149 218
7739 1323
3471 6252
1998 3411
2211 3126
527 2390
3411 1998
9526 3630
8703 1734
1932 3044
1081 3076
9937 10148
2889 3216 532
532 3468 3216
3216 532 3468
3468 532 3216
428 7172
2307 887
7660 6602
5063 1057
9875 10482
2324 356
6308 4238
4101 8877
10215 4407
8877 4101
407 2390
9522 1203
2194 1203
3241 3205
7884 9522
9790 9367
6267 1203
7238 1968
7145 10513
10513 7145
1462 5055 7863
204 1917
1917 204
2760 1917 204
828 171
5785 2760
171 5845 828
5845 171 4798
3049 2150 4798
4798 5845 3049
2150 3049 2157
7873 497
3941 3744
1901 7119
112 6700 1612
1612 6700 112
3744 3941
7119 1901
8259 3700
10582 10001
3221 4405
4405 3221
7914 1901 7119
5881 2861
2329 1478 1767
1478 1767
8383 5470
1987 846
846 1987
1361 6241
3233 9740 7862
6241 1361
3256 9740 7862
4131 4334 1013
4334 4131 1013
4167 2500
1013 4334 4131
4847 8025
1979 9494
1553 2248
10032 910
6252 3471
7862 9740
9740 7862 6700
9494 1979
9267 6517
4829 6504
5869 6504
1399 2252
6645 1311
3118 9050
9050 3118
3318 2262
2262 3318
3264 6517
8742 8287 6470
8287 8260 8742
6948 8916 9631
8916 9631 6948
9631 8916 6470
6470 8742 8287
2500 4167
8260 8287 8742
5570 433
433 5570
5439 433
10001 10582
5055 1462
9135 6152
5945 2558
2121 2558
6110 3586
5239 6557
9380 1555
1017 3208
3208 1017
6329 8158
261 2156
7108 9197
2773 3210
1555 9380
10246 4123
9330 3270
3270 9330
7252 5446
2357 9539
7039 7197
10650 139
516 254
5874 8608
8608 5874
4442 2061
2014 5826
5826 4431
5328 651 2936
651 5328 2936
3785 10331
2936 651 5328
514 780
780 514
3495 5173
5696 512
7489 6706
6706 7489
9031 1702 6858
7427 9521
5267 104
657 918
6071 2750
1363 2160
1713 7814
4238 984
3154 1690 4156
1857 3979
3979 3305
1803 5689
5240 2412
3005 910
2412 220
5925 550 83
9864 2248
1703 83
2861 5881
2850 6768 9094
290 5712
6257 2861 953
2745 1815
1323 1858
923 2248
5712 290
459 3041
918 657
4331 7197 7039
3041 4680
6055 617
4680 3041
4409 2033
6859 2558
9713 1140
4342 8243
1101 503
9014 1479
7442 8559
8237 9353
1479 379 128
6057 3398
5576 205 6864
5886 7420
577 10007
10007 577
3370 2896 9056
9056 2896 3370
2896 9056 3370
10642 6752
904 8614
4724 2401
2108 2441 1645
1645 2441 2108
10325 9659
2441 2108 1645
2401 3189 4724
9806 10312
6752 10642
10312 2795 9806
5882 1770
491 797
2485 9089
4054 7561 3066
7561 4054 3066
3066 7561
8497 2820
8834 4251 2820
2820 8497
4251 8834 8614
7397 938
3673 4964
8912 9972
3970 9913
2764 9913
7964 798
9913 2764
9843 10602
798 7964
3995 5796
7293 2558
10208 1070
10602 9843
5196 8789
5347 7787
8789 5196
4802 1751
4652 1692
4889 2813 5768
3425 7773
10613 4283
314 523
6529 5756
3180 383
1376 5424
5569 9752
1204 4107
2522 1977
7945 2302
1977 2522
3771 477
6852 1874
620 2867 1874
2867 1874
477 1874
7115 2302
8553 3786
308 249
3668 5522
7012 910
8717 1539
480 661
3859 8259
2409 775
8574 918
7202 1265
10291 10564 1452
5554 3373 5669
8157 7287
922 789 356
1124 6835
2928 6835
1288 7282
7282 1288
6835 1124
5669 5554
7362 2290 3271
789 356
2290 7362 3271
2555 2290 7362
5447 8272
3806 3339
3339 3806
7469 3626
1912 9635
10010 9325
7197 7039
607 2210
9325 10010
2434 1440
2252 4561
9099 983
983 9099
10664 910
990 141
8120 9207
966 1665
136 2511
1779 6586
6586 1779
9822 1038 1322
1038 9822 1322
2391 9809
9809 2391
2037 323
2386 4465
8995 4541
76 6727
2025 4622
4771 10320
10348 10445
3461 6878
2445 809
8857 7171
3308 6635
1170 918
3885 2248
3605 1706
7167 8435 2743
3014 2242
7733 8503 9997
8874 268
8503 7733 9997
8435 2743 7167
10445 10348
9997 8503
4685 2025 4622
2242 3014
4622 2025
8406 6861
1262 377 6566
1123 8145
2474 2167
1534 1483
4875 6861
6638 2488
3255 5881
2569 480
503 1101
7050 5606
7096 5220
8765 2660
2435 6313
1570 8065
3322 10464
877 1506
1506 877
3202 362
4107 210
2813 4889 5768
8932 8877
1878 3413
10292 6965
1541 8365 7352
8365 1541
8072 7352
7352 8072 1541
3028 4806 9487
2801 3193 5277
9860 5277
3193 5277
2661 1449
1449 2661
717 10141
5852 5277
9810 2661 1449
7064 2558
377 1234
8306 7763 7261
1930 323
7814 1713
2157 569
10129 2150
2565 4923
569 2157
4923 2565
2545 1921
1921 2545
3093 89
5085 918
1448 3164
3715 157
7633 3921
178 186 559
3921 7633
186 178 559
9705 5026
44 1976
559 186
7420 5886
1835 2323
4529 7197
2651 1461
302 383 3180
8974 2558
10358 3206
6124 2289
4953 5831 10194
2083 4682
10002 3496
3496 10002
10087 4238
8718 1118
5756 419
5645 1692
3189 2401 4724
843 1340
249 308
4185 255
6358 323
547 3180
550 5925
8397 2452
2452 8397
3329 2210
255 4185
7328 449 2214
383 3180
2637 5327
5327 2637
5424 1376
2256 1461
7974 9637
9054 1890
594 2653
10517 7017
2702 314
947 1385
1385 947
10359 9002
406 2167
9002 10359
10467 2248
1352 9326
1430 6177
1440 3491
3698 6567 1347
6567 3698 1347
1347 6567 3698
6420 6392
2997 2186
2186 2997
10214 3075
2893 3013 434
6177 1430
3013 434 2893
7671 7093
8796 3965
1771 1419
8058 4800
4800 8058
6262 2061
9326 1352
434 3013 2893
6379 2479
6392 6420
128 379
8094 3675
3491 1440
6557 2506
8270 5853
7314 4561
379 128 82
3943 237
10432 323
2567 7754
517 55
664 5115
8216 2567
4844 1751
1208 599
599 2941 1208
2941 1208
2803 1043
10564 1452 10291
5246 2315
2315 5246
1076 2350
2350 1076
10504 6880
835 2705 5566
5463 1054
2705 835 5566
1069 368
368 1069
8426 7472
3430 4088
2756 8321
8321 2756
2140 8590
8590 2140
5245 89
216 1687
10271 10203
155 4572
4572 155
10639 10203
10203 10639
8659 1687
7504 5028
1935 10267
4860 5028
747 10573
5028 7504
5368 10018
4702 2344
5735 6495 1646
7260 2344
1687 216
6495 1646 5735
10157 3050 1687
1646 6495
3050 4548
7010 359
4062 10604
10645 319
8189 10142
10142 8189
6993 1109
7558 875
6534 2710
6807 381
7185 1109
6402 9723
5773 6313
1549 3213
6988 6886
9635 1912
9723 6402
9487 3028
9620 5947
2201 2850 6768
397 3345
2254 7187
6474 3345
7187 2254
200 3345
4787 6093
565 2421
1968 356
7269 1925
994 7514
2299 928
1699 41 54
2714 1699
7107 2882
8541 7923
3891 916
182 4453
5894 751 9886
306 911 388
4074 5777
392 4477
5777 4074
54 41
4477 392 8926
911 388 306
916 3891
4559 1997 2003
751 9886 5894
1725 911 306
3743 2819
2003 1997 4559
2819 3743
1997 2003 4559
4760 29
4805 7923 8541
7923 8541
4047 3040
8926 392 4477
8527 4760 29
29 4760
996 392
2495 6572
286 3040
1021 4047
3275 986
1964 176
176 1964
388 911 306
986 3275
810 3275
9886 751 5894
6572 9666 2495
4453 1659
1129 3622
1712 4080
1659 4453
5360 9193
1461 523
7361 356
6393 6654
1944 2752
1117 910
823 82 478
1477 128
82 478 132
1748 132
132 82 478
478 82 132
241 82
6925 3693
3153 7548
7548 2652
7821 3153
4828 480
6943 6482
3800 9011
461 5553
5790 461
1141 1368
7133 6319
6383 3919
9253 1250
5038 7197
3332 3919
4808 5881
7003 3360
9755 1835
6644 3102
7762 791
7075 7199
2677 7509
8880 2790
3360 5751
5751 3360
3954 1064
6123 8949
2937 910
4200 9797
8949 6123
6378 1789
1118 4682
10210 4185 255
894 1421
2501 4372
1421 894
449 2214
9227 8854
7913 9065
2128 2849
2488 1281
2849 2128
5782 1587
7741 5782 135
1281 2488
135 5782
3011 2488
9575 234
6860 4607
4438 9197
9197 8347
3764 5696
1942 2248
10550 9373
3469 8810
2148 3271 3824
9094 2850 6768
7872 83
1130 83
10301 2148 3824
367 8609
3271 2148 3824
8609 367
3824 3271 2148
2113 439
9985 4002
5090 7445
2335 5246
7445 5090
3273 8128 7994
6544 1634
1314 7005
4454 4525
6531 5197
3283 6531 5197
3842 1905
7245 1112
1112 7245
1780 1210
3909 7526
7526 3909
2456 2143
2143 7245
2439 1234 377
8811 6886 6988
7995 3946 2020
829 3747
1234 377
147 1054 2890
5112 5079
4288 857
8341 481
4484 147
9265 5079
10420 6731
1054 2890 147
7637 4729
2890 1054 147
6417 8204
6439 175
8075 7617
6315 10356
9850 4689
8672 3827
9373 10550
1103 665
675 736
545 5663 150
5663 150 2830
9270 7137
150 1543 1064
6045 3419 6799
953 2861 5881
2472 2442
8055 7154
8790 563 727
1177 4712 3166
4712 1177 4418
727 8790 563
5195 2167
4418 4712
3239 83
3166 1177
8943 4647
137 4689
7137 9270
6522 2275
3624 9307
563 8790 727
3419 6799 5795
4689 9850
1543 150
3396 2442
1276 6978 6263
6978 1276
2093 10503
617 10597
9340 3930
1884 3990
9078 6941
2660 1507 9501
9501 1507 2660
1507 9501 2660
3574 7487 7394
7184 7774
3449 2206
4370 4738
713 4414
1832 3556
2206 3449
8702 713
8042 6636
9916 7833
9456 4700
7774 7041
3849 6658 7084
9018 4181 7820
4700 9456
8691 7084
5524 1452
1189 4757
4181 9018 7820
7005 1314
10185 5807
8204 6417 5766
4366 2554
5037 117
10086 8036
2858 9113
8128 7994
3990 1884
8495 6591
4565 7690
4111 5515
7690 4565
10534 910
6433 3315
8855 6566 377
8592 3957
5572 6893
558 94
2062 6260
6654 6393
6260 2062
4252 6192
5566 835 2705
94 558
3814 558 94
2330 5560
2783 6192 135
958 6714
6192 5560 135
5560 6192 135
6698 8250
8250 6698
5199 625
3086 268
3453 1633
2655 3004 646
7592 9587
9442 8512
1661 4935 8151
2286 268
8021 2020
1136 7194
9571 8021
3384 894
8937 1937
2736 6053 4485
3349 754 302
4640 8204 6417
637 634
311 152
7779 10057
10585 9650
952 910
3861 1537
1537 3861
10005 5607
3493 7773
4250 4237
4935 8151 1661
9492 2785 3294
152 311
9977 7005 1314
9404 9078 6941
3781 1910
6239 9024
6166 4073
166 9355
1451 623
8151 4935 9144
3933 674 2028
8515 2649
4882 341
6186 4266
7994 8128
10379 670
1885 1825
9587 7592
4266 1011
2785 9492
7410 10233
2339 8098 7127
4541 4022
9144 8151 4935
7048 7379
674 1254 396
7617 8075 10676
4722 4146
5048 4898 4819
10233 7410
2448 4022
4103 6251
3672 3453 1633
10634 8611
6263 1276 6978
2711 1482 1064
8557 5565
6134 5493
8611 10634
8292 1064 2711
10446 6422 6135
1064 150
6135 3973
2149 6518
6422 10446 6135
284 9865 9469
1751 4844
9865 284 9469
5565 2301
861 323
2830 150 1543
5520 8810
9469 284 9865
159 6263 1276
5795 6799 3419
4095 2301
445 3586
2782 7308
7308 2782
3973 6135
10597 617
5389 7837
6799 5795 3419
10503 2093
9307 3624
2581 4459
7261 7763
646 9812 3004
1745 6193 807
9812 646
2483 9748 8955
2270 5574
4022 4541
1011 1653 4266
7372 9484
10300 1715
750 6595
7088 10564 10291
2366 3135
3135 2366
7394 7487 3574
7487 3574 7394
2433 10401
7820 9018 4181
7041 7774
10401 2433
7578 9144
3403 4977 4249
8360 10339 10233
5459 3986 1540
5542 2042
2827 7523
2738 833
8984 4080
1016 833
8464 7769
7769 1016
259 339
10385 9015
2045 3020
396 674 3162
7523 9899 4758
5035 3581 4078
3383 4126
9899 7523 4758
1653 1011 6560
10320 4771
614 6119
9748 8955 8326
8955 9748
10339 8360 10233
2929 8314
3020 2045
4087 2475
4078 3581
8858 4124
3802 61
4758 9899 7523
8326 8955 9748
5657 3360
721 6893
2665 477
1254 674 329
10592 5542 2042
6276 8343
9821 9774
9472 10528
6193 807 1745
3975 4274
6770 9782
807 6193 7066
1761 7066 807
6314 7108
9742 152
7379 7048
6585 1475
9774 9821
43 3825
10528 9472
6853 108 8499
3128 6560 1011
9244 7663
2475 4087
7620 10053
1475 6585
5545 5283
6566 377 8855
10345 931 1189
354 588 1432
1842 5085
9015 10385
1432 588 354
588 1432 354
1295 3958
5474 9950
4274 3029
3294 2785 9492
6560 3128 1653
6923 10073
3326 10346
4977 4249 3403
7123 6985
2159 61
9415 9742
6791 8392
335 1020 5298
7839 4078
4249 4977 9734
1450 144
3029 4274
6766 2490 9290
9782 6770
5516 8470
582 7523
10067 8885
6237 4736
5250 7839 5035
2333 2368
236 1108
10169 10119
7663 9244
649 5035 4078
10141 665
2112 3413
5116 6838
2042 10592 5542
108 8499 6853
7439 9242 9012
3958 5035
1215 2286
3571 5911
2774 10348 10445
1020 5298 335
8721 3714
920 5853 1287
7335 3029
10119 10169
4090 8831
5141 1293
1293 7709
7298 2790
3406 1766
9242 7439 9012
9196 1837 3409
4623 5035
931 1189
8069 10191
4449 10166
6591 8495
7666 1719
3197 1065
7066 807 6193
3894 8127
3581 4078
4972 10535
8043 7001
8693 3940 7335
5236 6926 8907
6813 10380
6861 4875 8406
7702 315
4227 5025
3490 4266 1011
5283 5545
10346 3326
7001 8043
1349 195 3441
6926 7143
9355 1140 1925
5911 3571
7201 9299
1937 8937
4783 181 319
9012 9242
8907 6926 5236
3940 7335
3219 812
2436 3128 4266
4143 7730
4736 6237
3822 3958
164 3288 8885
5619 6889
10282 6415
8499 108 6853
10071 1215
7143 6926
2935 5348
378 3029 7335
2955 5298 1020
3551 6941 9078
5298 1020 2955
8127 3894
195 1349 10621
4010 7721
8035 8907 7143
9024 6239
9950 7225
4492 9372
10194 5831
1633 3453
1837 9196 5399
3527 7118 5911
9299 7201
3902 3695
10676 7617 8075
9372 4492
2490 9290
9660 9102
1766 3406
9184 3326
7550 8543
2007 7453
3898 329
5399 1837 9196
6889 5619
6442 612 2925
10621 195
6838 5116
9734 4249 4977
8143 4946
6120 4715
3109 9197
2743 8435 7167
1199 6880
6415 10282
9883 8007
9390 9871
4231 8035
3409 9186 1837
9013 1846
567 9355
5580 3326
612 2925 6442
2631 4211
7118 3527 5911
5633 2063
4715 6120
3288 164
9936 2240
6119 614
315 2493
4211 2631
10652 7773
4883 6880
2323 1835
2603 4645
7407 7087
5001 1835
8356 6346
2525 4125
41 1699 54
10148 9937
10328 8792
3562 3228
1274 6101
7461 1993
4744 4024
3767 3512 4267
8795 5881
2523 5496
8138 3648
4328 953
4002 5774
5496 2523
6075 2910
9802 5294
6457 6680
7152 133 5965
8594 6257 953
1255 7913 9065
8921 3668
2606 4006
10130 8648
7922 4679
9386 8038
8038 9386
5840 2208
9820 754 1658
5817 2038
1113 1660
1660 1715 1113
3038 4273
4273 8543
5219 1602
3454 5831
3906 2020 8318
7840 9982
4984 10111
10111 4984
8233 9332
9332 8233
4319 10111
8318 2020 3906
2837 6119
455 338
6494 8534
338 455
2566 338 455
6795 8563
8563 6795
3075 928
7475 5388
1817 4129
3095 1204 4107
3249 439
4253 5302
3693 6925
5891 3404
8640 4082
4533 6176
6778 4311
1602 5219
4856 4311
1875 3904
3904 1875 1777
2394 2841
6680 133
8856 8639
8408 133
2910 6075
5471 2063
2063 5471
5965 133
5634 4328 953
2006 10058
10058 2006
972 6203
6203 972 2535
1573 9068
7262 2535
2535 7262 6203
4951 121
121 4951
5433 4951
1985 1410
5443 7014
7014 5443
7004 181
6391 4014
10590 5067
4679 7922
2398 2790
3594 4533
5282 469 2591
2591 5282 469
4337 2591 5282
469 5282 2591
8342 583
583 2591 4337
6465 8113
6665 1741
587 2047
291 1210 3930
4677 3504 4014
3504 4677
3844 323
7498 3818
6768 2850 9094
339 259
6117 1863
1863 6117
696 2375
763 833
247 3508 5378
4198 1737
9596 1737
4311 4856
9065 7913
304 537
7141 377
557 493
4762 261 2156
5315 1093
1741 6665
5606 7050
4176 8904
7493 8543 8470
8470 8543
1909 5762
8543 8470
6296 2790
548 4107
2833 912 210
6187 2153
7172 4682
4480 910
2353 127
1358 4367
4367 1358
4491 356
3955 201
201 3955
3886 6631
1232 319
10316 4889
9271 127
1814 5252
542 8113
6344 7192
5762 8856
9165 2957
2846 1876
10378 4474
10337 6731
2280 4107
9123 133
154 657
3512 4267 3767
1777 647 3904
2232 6876 4532
2841 5805
6876 2232
9658 2762
4532 6876 2232
1065 3197
2222 8883
647 1777 7223
7223 647
2363 1572
2114 223
7414 8415
1419 4006
6238 5863
2913 626 6912
2174 2913
626 2913 6912
6912 626 2913
6515 7176
7192 6344
3812 2585
2945 1709
1472 2067
4372 8241
4145 1867
731 3119 4461
3119 731 4461
4461 3119 731
4770 1952
1952 4770
8973 762
2957 9165
4493 7548
319 181
8944 3384
8669 8470
1190 154
1531 1905
1905 241
2668 205
81 3181
3181 81
6657 1796
6582 4122
5808 7735
10573 747
3302 7089
4739 1736
4269 5897
7654 324
3887 6364
7089 3302
4917 5396
5396 4917
1287 5853
49 8140 1859
9693 7548
84 486
486 84
5768 4889 2813
9259 6265
1859 8140
8140 49 1859
4589 382
1854 531
7376 5430
117 5037
6937 809
1793 5407
6328 10474
3986 3126
467 3057
2585 3812
398 4107
10435 6113
6113 1357 5573
1357 6113 5573
5573 6113 1357
6327 8056
8683 2208
756 4901
4901 756
4171 9939
68 3661
3661 68
2346 5330
6149 1148
1148 660 3310
4687 4959
210 4107
489 4107
525 210 489
6922 361
463 2633 5838
5838 2633 5813
192 2213
5813 5838 2633
2633 5838 5813
2213 192
2796 2152
2152 2796
9573 660
3632 660 4959
868 6787
1306 8358
8358 1306
4706 1232 319
8347 9197
8419 1723
2797 1723
8888 964
8614 4251
2477 7256
10217 4603 7256
4603 3760 10217
7256 10217 4603
3760 4603 10217
361 6922
2642 5407
5407 1793
5302 4253
425 2136
2136 425
8542 2229
3851 6695
10206 3851
6695 3851
1423 1709
1709 1423
239 2640
1034 3142
4303 2092
2092 4303
3633 7206
7206 3633 8486
8486 7206
143 8372
5054 3924
3924 5054
10152 1313
880 9347 5568
5904 4819
4819 4898
4959 660 3310
2882 7107
959 4663 1042
5076 7834 4242
7834 4242 5076
1042 4663 959
1336 4186 4242
5290 6319
4663 1042 959
4186 1336 1042
6188 882
882 6188
4921 8159
10406 7877
7434 9091
2383 8159
9091 7434
8159 2383
7877 10406
9028 7877
2081 6880
6787 868
7847 422
7720 10052
8837 10281
10281 8837
199 657
9347 6912
3441 195 1349
4896 3187
6790 6304
3597 1667
924 5702
3187 4896
5702 924
6304 6790
5620 1785
1785 5620
9136 4422
4732 9136
1572 911
5734 9896
7421 6763
9704 5420
3841 7423
5320 2426
2426 5320
4388 838
333 2518
9045 5880
8203 9045
5880 9045
2571 7999
2124 7118
9336 4422
8673 7992
9871 9390 8816
4929 2488
3695 3902
8000 2653
1846 9013
2836 7049
7453 2007
10442 5369
6459 6248
7750 108
3714 8721
8080 1282
5348 2935
1509 1653 1011
8885 10067
9001 3571 10621
9692 3428 6119
792 9601
8816 9871
2925 612
6028 9826
1221 5247
10163 6101
4481 929
7205 660
3310 660
660 3310
1675 660 3310
4191 660
8697 10580
2239 8697 10580
10580 8697
9841 5623
5623 9841
9023 449
10924 11039
10856 10876
11025 11047 10778
11039 10924
11047 11025 10778
11009 11047
10823 11014
10909 10823
10870 10953
10953 10747
10850 10995
10811 10782
10851 10763
10786 11185
10776 10755
11075 10876
10878 10821
11085 11135
11185 10786
11280 11241
11276 11279
11241 11280
11258 11238
11248 11231
11231 11248
11253 19
11282 11238
