128 330
296 254
308 270
337 153
271 161
155 26 344
344 26
320 233
313 471
330 128
338 26
40 41931
427 40861
404 475 234
197 415
183 40965
133 337 153
86 252
233 320
184 82
458 62
7 257
295 56
153 337
257 7
149 237
279 75
142 138
332 305
156 372
56 295
62 258
234 404 475
138 142
421 413
413 421
471 313
127 128
20 270
258 62
243 217
217 243
665 555
657 555 665
520 615
593 555
563 35390
517 34936
11060 7917
7917 11060
26254 19870
11449 14490
16165 13745
12040 20020
3216 6329
14273 14736
5183 9358
9358 5183
24866 8092 18085
25701 7367
3061 2933
26880 3061
28080 26880
24754 25878
32250 20348 24655
10761 20318 14724
14724 20318 24655
24655 32250 14724
20348 32250 24655
20318 10761 14724
12010 20454 17239
8684 1678
23299 25724
17239 26763 20454
26763 17239 12010
20454 26763 12010
29092 28633
17489 23872
30566 16980
23872 17489
16980 30566
24208 11695
2825 7168
30608 2599
31543 21333
21333 31543
19791 8622
17406 20530
10815 11354 2819
11354 10815 2819
24944 13454
29648 13454
27829 17707
1180 29471
2819 10815 11354
8622 19791
25066 31660
31048 21321
6107 29470 29267
21925 12269
29470 6107 17489
19081 23157
27402 9400
18452 32889
6069 20214 12863
20214 12863 6069
12863 20214
3679 23044
23044 3679
25496 3119
12661 27825
34027 18560
29471 1180
14506 33806 776
31660 25066
9400 27402
6329 3216
33597 17213
13454 29648
4264 10852 28124
14542 2599
18979 20606
21886 31842
1613 33501
11202 2951
16388 14490
3331 7249
22842 31698 17392
24333 23094
28077 879
12735 6802 1155
30931 17126
8268 9730
14331 9970
8414 31194
3036 9970
31194 8414
15111 8824
23157 19081
22256 21199
7479 32252
2205 2357
18666 18162
20606 18979
879 28077
33308 26055
8785 20811
20811 8785
3993 1359
29444 6379
27761 16950 5288
16950 27761 5288
28124 4264 10852
6775 28114
26474 28921 34262
32252 7479
17392 31698
24314 688
21071 6500
22340 6001
6500 21071
15704 33831
33501 1613 20182
9070 688 24314
21803 24537
688 9070 24314
26055 33308
5987 26740
29419 5309
18899 8092
8923 30885
29911 24809
24809 29911
25363 24809 29911
5291 10236
26618 27825
25910 727
17801 23580
27530 28533
8301 10661
2607 14663
3492 10428 10972
15437 19546
19417 3801 747
1134 22850
23094 24333
6076 31187
22116 14671
33086 8949
1584 4724
4724 1575
1575 4724 1584
12092 22656
27212 12063
32840 14547 19797
24696 8949
14176 28403
3847 2599
10250 8949
12406 33893
17141 17707
14968 10894 22495
10894 22495
22495 10894
12038 3021
2274 17681 14772
14772 17681
17681 14772 2274
3021 12038
10088 3045
7314 10894 2599
8681 10506
11234 16947
16947 6668
21838 2272
13312 6001
22534 8875
3962 8875
21719 27838
2079 15805
28903 9868
4188 32904
21859 6132
1514 7504
9179 13789
10506 8681
17011 12363
12363 17011 22855
776 33080
22855 27838 12363
27838 22855 21719
20251 16811
16811 20251
33645 17867
7683 12388
33364 5236
5353 2636
2636 5353
6668 16947
4041 13196
1651 15097
23040 9208
6802 1155
20555 10801
13890 7504
14663 2607
13189 7297
10990 13890
13418 4550
2343 4550
22785 11338
21369 31323
20862 15581
9918 12679
672 7012
4448 11627
29193 10932
11576 4908
15977 22088 9879
9879 22088 1198
22088 9879
25356 5975
5975 25356
10848 14373
8138 14373
14628 27910
8604 33617
1198 9879
9146 4137
25988 18575 20607
12122 10060
20888 21467
8098 2422
7790 4977 29744
17858 13562
18874 6007
27150 4132
4132 27150
9677 14712
5996 14249
14249 5996
14712 9677
20796 5381
16905 24330
12954 9677
29744 4977 7790
23205 10322
16794 25094
31443 25094
29980 12497
12497 29980
31505 20750
22119 32435
6244 8335 18037
24091 20916
8335 6244 18037
5031 14293
14293 5031
18037 8335 12091
2909 33743
12091 8335 18037
17354 21171
21171 25195
25195 21171 33842
2889 6939
6939 2889
14414 2828
33842 25195 28476
28476 33842 34307
15224 9750
9750 15224
34307 28476
7225 18190
15875 33886
33886 15875
7023 11824
7827 25684
29217 17180 10830
25684 17180
668 808
808 668
12198 31040
31040 12198
21087 25977
25977 21087
23696 20368
2828 14414 957
7416 16191
20367 8877
7715 19107
17180 25684
9292 3623
7245 6907 24873
10830 29217 17180
6907 24873 7245
6917 16888
17660 9784
8953 16866
19455 8953 16866
16866 8953
9548 10125 977
10125 9548 977
977 10125 9548
20055 31536
20563 977
12609 16915 6185
4336 23694 4283
4283 23694 4336
31536 20055
16915 6185 12609
5543 6247
13099 1657
1657 13099
23694 6247 4283
6247 23694 5543
23840 31525 26119
27814 20081
26119 23840 29032
20081 27814
31525 23840 27814
15705 7925
7925 15705
26319 29032
29032 26319 26119
25820 10062
17781 8646 11632
8646 17781
31670 1744
5498 16671 8207
8207 16671 5498
16671 5498 8207
18220 7323
13853 2597 21503
4578 8083
2305 8083 4578
8083 4578
17414 29525 24805
1398 9774
11181 8064
27825 26618
12194 22175
2989 3267
4802 6589
3267 2989
27692 15687
9412 18449
23050 22754 22866
22866 22754 24482
24482 22866 22754
22754 23050 22866
9774 1398 8178
9255 7323
7323 18220
3254 5427
1325 11758
11844 6633
22175 12194
5427 3254
15687 13523
1569 6678
1366 1569 4578
1531 6678 1569
25325 15085
8628 8064
29659 16017
14272 27837
14236 8976
4543 18350
18350 4543
27479 2674
5866 4787
1839 21894
18546 13058
5820 13775
13680 20010
14695 5427
34471 17817
17927 4947
11466 28972
28972 11466
15085 25325
20160 5866
17982 21894 3591
3591 21894
2597 21503 13853
24805 29525
26356 13806
13806 26356 29832
29832 13806 26356
14849 26356
21503 2597
23436 19439
24847 20137
21035 26958
26958 21035
25104 12087
12087 25104
32790 9703
9703 32790
5647 25684 17180
5821 24203
18750 28459
9933 2384
33114 9981
836 3633
20176 30720
19320 6549
6549 19320
26436 18817 21618
18817 26436 21618
4741 3503
3503 4741
21618 18817 26436
4390 6129
21223 10762 6129
10912 6324 21223
9761 13585
3580 10762 21223
10762 21223 10912
5126 4390 6129
3633 836
6129 21223 10912
21427 1530
15320 30765 24546
3295 12749
13408 22843 10762
30765 15320 26436
13223 1899
10044 8606
12749 3295
24546 15320
16430 6099
12519 5632
26898 20412
12425 26423
17785 24628
30720 20176
12844 13907
24855 17975
24997 10083
24628 17785
10083 24997 24546
21032 25855
5632 12519
23802 25848
5708 2071
10190 12248
2581 10481 4388
10481 4388 2581
4388 10481 2581
2071 5708
4216 25537
16599 29154
29154 16599
30063 4858
3616 13827
10719 12154 25560
25603 23182
11151 14756
30962 15548
12154 25560 10719
27302 28253
28253 27302
6978 22330
15522 2240
22330 33311
14967 11055
23182 25603
25560 12154 28253
26999 24660
13827 3616
16069 4858
4858 16069
25060 14259
12088 1774
24660 26999
14259 25060
22111 10410 14618
2240 2037
14618 22111 10410
10410 22111 14618
24236 32639
32639 24236
11575 24139
2149 27647
29476 14137 30323
8097 12657
12657 8097
3652 17394
7584 31655
6952 19949
6032 12167
31184 26467
26467 31184
21352 20666
1376 4141
28482 20003 11874
20003 11874 28482
11874 20003
4137 9146
2504 14137
33816 21591
21591 33816
6430 33816
11693 26344
18018 32378
32378 18018
1467 5927
3268 5927
18944 4385 28728
4385 18944 28728
3957 3659
5927 3268
7353 31655
3659 3957
28728 18944 20812
20812 11802 28728
13585 9761
11802 20812 28728
22843 13408 10762
32516 19582
8306 10238
19978 19510
17923 21906
32303 8336
10956 29977
29977 10956
6681 20815
28643 11170
8700 17475
32187 5266
16488 7290
16529 17475
17475 8700
6835 30942
1886 13610
21246 5266
13610 1886
18767 7290
30942 6835
14790 7290
23045 4490
17875 5486
3964 19675
30249 30758
30758 30249
14151 19675
13834 19675
26433 25612
4183 4826
7178 22239 11644
22239 7178 11644
2875 15401
19028 26653
26653 19028
4826 4183
3134 1528
33907 8542
29625 15401
22950 32046
28387 8096 17279
17042 17329
11644 22239
5120 6011 12557
17279 15401 2875
32046 27826 22950
8542 33907
6011 12557 5120
25610 26653
23343 15120 17490
15068 26343 17036
4266 893
12557 6011 3782
17036 15120 26343
15120 17036 17490
8096 17279 28387
7604 5311
27826 32046
3782 6708 12557
11917 14926 10055
26343 15068 17036
10055 15401 14926
2928 20544 17329
17490 14991 15120
20544 2928
14991 17490
10622 4995 6708
6708 10622 3782
17329 2928
4995 3888 10622
14926 10055
2608 14991
19319 18512
18512 19319
25035 3371
5311 7604
4968 3888 16765
20057 27448
9592 16464
12465 25940 14623
28571 33049
23167 17305
3888 4968 4995
3371 25035
3425 12523
16765 8390 4968
16464 9592
25940 33049 12465
33049 25940 28571
27887 16384
12983 4007
1923 991
17305 23167 12147
5951 11371
11109 24654 8390
5488 5529
11371 5951
24654 14107 11109
2739 4202
8390 11109 16765
9379 4356
21037 22120
1075 4848
12147 17305 23167
9186 13026
17744 33080
11215 19875
13026 9186
991 1923
16827 5163
17085 12147
31317 1541
32870 31317
4202 9995 2739
9995 4202 14775
17168 21037 22120
14623 27059 12465
22120 24437
4356 9379
5529 8637 5488
2498 16197
23545 1541
16384 14107
5163 16827
8637 5529
14107 16384 24654
1541 31317
24437 22120
2156 12679
3978 9800
24545 10344
7429 14663
30168 30443
19013 5403
22076 17336
9620 1269
2296 4540
3921 34208
5934 9717
18488 20136
19697 31654 23254
31654 19697
6119 4803
4803 6119
14325 4278
4278 14325
13842 4278
14707 2981
2981 14707 27512
25300 17628
27512 2981 14707
4531 19039 27512
19039 4531
23208 14325
22687 14707
12510 30899
30899 12510
10528 10070
10070 10528
13608 3435 9616
15017 2969
9371 4205
26384 16568
16568 26384
14182 2681
2681 14182
12477 6308
20870 26384
19138 13885
18629 17397
4895 3435 13608
14004 29758
29758 14004
12571 14227 16950
18266 28202
28202 18266
14227 12571 16950
1217 16530
15455 7417
33651 6379
8662 6253
6253 8662
5172 20738
4457 14801
20738 5172
14801 4457
34418 30567
11735 17522
14275 4426
6185 16915 22662
22662 30687 6185
15580 25353
4365 10321 22007
20306 15580
20589 27666
28086 21063
17848 19460
21063 28086
8045 12040
21167 7504
30687 22662
7268 23291
13471 19460
26648 30687
24446 33135
31566 23663
1452 8418
15340 32890
32890 15340
22714 1503
21824 31803
24930 4799
27881 1340
7422 29123
27152 25785 8616
29353 23133
21780 6649
6649 6347
6347 6649
25785 27693 8616
11770 20826
20826 11770
6566 16095
11668 24320 20525
24320 20525
4327 744
20525 24320
744 4327
14633 22157
27693 8616 25785
5461 16661
16661 5461
4881 3805
8616 27693
24082 2926
9631 29722
11511 3708
6451 1805
9266 687
19815 12282
2926 24082
3708 11511
687 9266
8854 2742
3416 13929 31399
20136 18488
18294 21524
3379 4205
25586 7101
4205 3379 9371
15172 26602
19366 28974
12481 6835
14696 26682
17262 23992 33686
26682 14696
30059 1478
1478 2821
2674 4863
2197 17237
31886 32822
12521 29084
19255 31548
23086 15886
31978 17707
4442 15864
20173 15886 26260
33216 15582
32706 15582 33216
15886 26260
26260 15886
3320 897
30674 32109
32109 30674
18102 1147
1147 18102
3435 13608
26102 13637 24066
21852 2272
8317 11566
30256 17867
18287 19641
19641 18287
29150 9868
18673 1731
24299 25254
25254 24299
2032 25113
22153 22138
9290 32267
1731 18673
33219 33651
33182 30323 29476
32238 22449
29879 26266
10243 6031
17594 26888 7988
6031 10243
13448 11654
11654 13448
25225 15012
31792 7914
11279 6001
1572 5845 5283
5283 1572 5845
5845 1572
4825 8490
19136 31192
31192 19136
27662 32889
1059 9390
8490 4825
11122 30995
7974 17394
17394 3652
34064 17299
22549 19307
17551 33019
19420 25059
16702 15653
20368 23696
3488 3995
33909 3655
8619 10342
25059 19420
2089 25059
16783 5854 8702
8702 16783 5854
5854 16783 8702
12717 7557
29604 21781
4566 15992
15992 4566
7566 7518
7518 7566
21920 22062
33749 18575
16549 28656
16153 25298
13603 4212
11929 32403
6243 5657 4175
30378 12986 19737
17463 6358 6138
30885 8923
10852 4264
27330 21375 9738
27034 697
5412 9624 9401
16925 6824
7694 21801 19841
9624 9401 5412
9401 9624 9916
21835 15067
24790 28935
12581 16682
9175 24878
5824 7504
5156 9981
10734 32563
33894 27589
16039 12095
3788 12095
12095 16039 7477
7477 12095
32858 16418
22867 23683
16418 2599
21219 20645 8010
21963 20645 8010
14844 20645 8010
10376 5333
15430 14463
6106 9981
9981 5156
1639 26968
29623 11092
13745 16165
4175 5657 6243
9406 21986 12354
9738 21375
9916 10560 9401
1112 17031
12354 21986 9406
24909 11541
10560 15717 9916
21986 12354 9406
15717 11638 10560
31618 31449
14816 25533
11638 9529
5745 10557
21375 9738
7300 4072
4072 7300
12018 7300 4072
31471 2024
8402 19709
19913 7236
19709 8402
9529 11638
4859 2467 6754
5812 17540
23571 18885
18885 23571
10557 5745
1695 10690
10690 1695
34278 20108
29454 2733
21602 15447
20190 16345
30480 9128
31456 10745
10745 31456
26873 17161
17161 26873
19066 15013
30311 24899
25245 5719
22318 33152
4166 14117
17055 14117 4166
29821 8150
26808 29821 15502
26833 28777
8150 29821
19287 29637
17088 26833 28777
23479 4207
24014 6477
15295 28546
31795 32275
14876 26240
22667 19800
6591 6045
17199 6045
10919 20065
10342 8619
12442 2669
2669 12442
26835 23262
23262 26835
30821 9559
18183 17735
16308 5105
32563 10734
15215 16169
14676 19158
1741 19366 28974
18122 14463
9555 8600 17946
9424 8600
17946 9555 8600
8600 9555 9424
11397 9592
15470 9424
20020 12040
7086 14663
17323 22117
6999 5771
5771 6999
28718 23683
23754 21303
26049 13455
4829 12345
25119 25804
25804 25119
11757 7914
16469 28675
28675 16469
30628 28499
8092 21437
21437 8092
28499 30628
18150 27783 18148
25486 18150 27783
18148 18150
30567 34418
2467 5534
7259 7445 12948
8927 3601
7445 7259 12948
10737 2599 2384
27378 25295
17665 2210
32076 33352
20607 25988
15913 14828
23038 2420
2420 23038
12802 17735
30993 13764 28170
13764 30993 28170
28170 30993 13764
8885 2246
15533 10086
15820 3065
1068 6590
4771 3596
21505 12207
3596 4771
10729 25120
25120 10729
28848 28758
13006 32176
15993 28758
22947 8674
20300 29497
2738 1050
27143 26225
25776 7726
26338 31318
16964 25714 23998
6884 17577
17577 6884
18188 12756
7770 19555
4664 9559 29822
27813 6070 11229
6108 12290
12090 25266 12861
11229 27813 6070
19555 7770
12861 25266
4434 25266
19850 13623 18232
30203 9235
8132 18232 13623
18232 13623 8132
29822 9559
9235 30203
33171 10275
12290 6108
25266 12861
13623 18232 8132
6373 1271
33717 10494
2354 1271
25117 1492
7797 6537
12021 13684
13684 12021
19064 23369
23369 19064
17003 15059
29206 27033
28777 26833
11532 17352
19107 19843
25140 30787
19199 33882
20137 24847
2821 1478
12638 26602
17397 18629
6308 12477
28567 19724
32000 5307
31844 4863
26658 34189
31754 23550
4863 2674
17237 2197
1734 4908
1753 2787
3260 16552
5017 24873
24873 6907 5017
24600 28831
23047 28018
34405 14515
14515 34405
3642 2929
18692 15389 4097
10992 28649
2929 3642
27075 12143
23292 25515
24401 24936
24936 24401
6300 33026
32649 26974 22877
12314 15006 9658
4873 2129
2129 4873
30409 27469
15006 9658
22485 15868 1433
15868 1433
1433 15868
26974 22877
22877 26974
1821 32559
8512 1039 2480
28649 10992
9658 15006
32559 1821
33026 6300
14909 25298
28356 27541
10240 14515
22946 22348
30201 25093
22348 22946
5721 5195
5195 5721
32615 28356
34066 16834
16834 34066
12143 27075
2632 1454
30791 17503
10764 5307
34073 31844
15059 17003
13053 727
2062 27709
19584 6808
20853 15193
29935 727
33227 9301
13811 21402
21402 13811
26317 32892
28422 12260
12260 28422
8110 17839
17783 31310 22830
22830 17783 31310
1379 32802
14117 21716
31310 17783 22830
21716 14117
34298 31130
15160 13809
13809 15160
4078 8156
21664 6623
24066 13637 26102
33218 21321
1361 17535
5316 5700
2593 22726
6529 20588
11402 8156
23742 29065
21971 6623
10913 7773
1909 3555
15574 21465
22044 20065
20588 6529
1641 17299
18340 11932
7914 11757
29246 15359
14720 3352
29884 9498
3824 20533
2377 989 2103
14637 20727
989 2377
20727 14637
6607 10701
10701 6607
11324 753
2006 6633
22851 19158
2384 2599
1503 22714
21715 27983
29795 14137
16249 24046
28330 20514 21856
24046 16249
15498 2675
20514 28330 21856
14634 29185
18149 21041
22545 13176
23150 22177
14818 22756
22756 14818
23875 27281 29394
27281 29394
32235 30525
16101 15519 27541
15519 21256 16101
21256 15519 16101
27541 16101
18092 16101
3290 23743
10339 11087
27353 11087
23172 28188
23743 15042
11087 27353
21137 13432
21022 16211
33146 33115
30742 25493
25493 30742
6287 22945
14258 24181
19221 30087
24181 14258
27983 21715
32256 7012 4121
25870 32470
32470 25870
19510 21520
21520 19510
25714 16964 23998
8827 24016
29100 2024
15760 22362
25739 17778 19231
9930 40890 40750
20147 8296
32206 25739 17778
19231 20622
18539 17778
29015 30215 29827
17778 18539
8296 17778 18539
22479 25048
25048 20622
28690 1454
29782 26444
1904 9375
22813 31559 27993
31559 27993 20804
9375 1904
24932 21111
9152 21111 24932
12073 17980
711 1416
20804 31559 27993
27993 31559 20804
13972 2477
32919 29940
21111 9152 24932
16423 34230
3265 2272
24901 42082
20385 18174
34143 19307
6404 18174 20385
7297 13189
10479 21203
22556 24216
14547 19797 22453
27164 1299
10498 31731
31731 10498
3673 25378
25378 3673
22176 32068 11955
5201 9132
17117 9132
10483 30749
7635 14258
22210 31235
8033 24170
33135 24446
18697 11363
18490 13917 14328
33952 25295
15446 1299
14328 13917 18490
32085 16249 24046
13917 18490 14328
21626 14137
32711 13917 18490
31962 16204
12890 8863
27609 13595
16218 29367
12537 16668
24288 9174
24508 22325
10321 4365 22007
17285 28738
22007 4365
29383 10714
2491 22164
5565 1150
1800 5565 13218
6971 30749
4080 8980
2777 8980
8980 4080
27774 3577
24334 28287
28287 24334
24263 29705
1254 28834
22958 33080
30413 16379
18136 10987
8564 6607 10701
27562 2801 25553
21414 10127
10127 21414
6963 4386
4386 4080
5411 22237
5499 11541
29367 30495
9470 2467
3158 13962
8809 21443
22155 12828
24123 32766
13001 27594
5047 2848
3885 1797 14640
9313 19338
4487 16354
27594 13001
22237 5411
7417 15455
13072 9313
1836 10852 4264
9656 2416
13847 7504
3099 27490
24341 5256
16113 2076
26123 3327
19661 10478
2766 3587
3934 10479
7097 727
30087 19221
12405 22281
28224 26471
29730 15168 30897
31433 14539 20628
10671 4571
29947 18215
22634 23506 19130
3182 7290
2359 4043
29365 28194
23186 13875 22854
32300 1891
1891 32300
3585 23299 25724
26074 11694
16771 2951
1797 14640
20128 6740
22353 18725 9177
4875 15593
27539 16965
8219 2344 13553
25047 26350 25489
9240 8099 1689
3486 20232
2344 13553
5944 19782
854 4302
18239 13874
7132 4394
5657 6243 4175
3261 2949
4314 20062 11106
1689 9240 8099
4814 3083 880
5516 7801
2438 1506
14357 3175
13059 25271 3308
18725 9177 22353
1495 1207
2035 8784 1350
1382 29515 17429
25489 26350 25047
1812 3990 13763
1499 911
4394 7132
25146 29781
15976 11046
1782 4312
8320 25455
33946 13119 10316
25455 8320
11106 20062 4314
2603 31207
2638 5502 13465
4089 6665 7867
10802 5086
25271 3308
8099 9240 1689
10316 33946 13119
13094 19071
7991 20653
13232 23077
1545 15468 9984
19739 26126
11046 15976
20264 20188 23390
20062 11106 4314
13140 18580
11971 7202 7748
5502 13465 2638
28335 34308
26350 25047 25489
3417 2722
19612 16859
3990 1812 13763
12184 23415 26399
1655 12808 4882
2936 10254
9177 18725 22353
14191 22516
12808 7382 1655
1860 7153
11904 13304
7382 12808 1655
13874 12620
1757 8221
22728 27578
5525 9581
29078 26351 18822
2201 10967
10648 11996
13465 5502 2638
8046 815
3774 2751
1367 20539 1453
20291 5630 22739
4312 2303 1782
11315 2025
15627 8499
17347 932
10130 15167
1207 1495
7867 6665 4089
9074 7951 9630
10032 22356 14933
9514 19062
19062 9514
19082 861
11652 5238 8477
15348 10688
8366 7911
18822 28203
13553 2344
29781 4212
30934 21545
7748 7202 11971
2751 3774
7951 9074 9630
12120 28324 9025
28324 12120 9025
23132 15570
32970 17815
18970 10545
33342 3617
33755 28291
19338 9313 13072
9960 12396
3695 21408
22945 6287
24485 24126 7089
24126 24485 7089
3816 1161 1249
7236 21066
33708 25374
3691 1985
1985 3691
10545 18970
1161 3816 1249
19889 7634
9906 27633
10593 13627
26475 18780
30443 30168
1346 25594
31535 5946
17185 9834
7213 13754
5946 31535
9025 28324 18034
12415 10747 12062
7896 5988 29282
20127 13595
7089 24126 24485
14310 6754 2467
17815 32970
9003 1112
17565 14827
5993 10369 23707
29282 5988 7896
29394 27281
30682 10370
10370 30682
4583 27426
10369 23707 5993
10282 11284 9985
13334 26416
26416 13334
27426 4583
18034 12876
1412 5807 824
3293 8850
6805 19325 17382
1249 3816 9560
14640 1797 6951
22739 5630
13512 17235 32449
21408 3695
11791 27320 26662
30642 25716
9846 1315
14550 11541
6269 3156
17986 18453
22453 14547
16055 7294
3777 5494
7294 16055
17235 32449 13512
19325 17382 6805
4695 19233 6797
9985 10282 11284
8621 4321
28273 21581 18403
9759 6005 3653
6005 3653
3653 6005
28039 30891
27961 32737
32737 27961
18780 33869 26475
5534 18908 21690
7632 1111
23707 10369 882
32634 20009
8024 8781
938 11933 6738
33921 31657
7102 25440 17384
17382 19325 6805
5807 1412
26106 14977
17384 25440
25440 17384
5988 29282 7896
2757 8602
32449 17235 8177
11284 10282 9985
12512 32438
17310 32241
21274 5534
5494 3777
11213 32199
24175 18069 1939
12876 18034
6951 3744
9413 5362 17382
4662 22193
18563 29953
747 19417 3801
882 11403 23707
6957 2166
8963 32985
1602 14656
22763 28672
28672 22763
10400 3589 23311
32291 15582 33216
11694 26074
11596 11139 6189
6498 6014 18612
1160 1488
17283 12967
3104 2852 6646
32241 17310
2700 2193 3207
16327 11359
5451 8874
3386 7216
7577 3622 20008
3622 7577 20008
14656 10198 1602
5362 10635 4783
18069 24175 1939
17736 6313 12460
6612 1035
33431 10931
8177 32449
21449 13216 21210
29953 18563
13846 11723 17170
22723 2265 26360
985 3141
34321 26164 5763
20963 6497
13934 11958
8602 7862 4044
5456 26659
2852 3104 6646
5209 7982
33471 5586
21885 14785
22163 13619
14977 26106
10093 16325
26724 14819 13404
11403 882 7329
2076 2171 16113
26151 28801
13773 24870
6989 4657
8910 31697
1586 1613
29446 22979
6738 11933 938
3543 6533
6313 12460 17736
721 20039
13694 20186
25086 14212 9259
1939 11193 18069
17267 25079
4643 27923
11784 18800
30507 22138
7990 28870
28870 7990
13875 23186 22854
19067 7869
17033 9132
3601 8927
23506 22634
17120 28473
1326 3046
28308 18889
28473 17120
3156 6269
3046 1326
18889 28308
4395 2352
5882 18563
33265 14680
33869 18780 26475
4107 827 7756
6014 18612 6498
7775 1838 21742
2166 6957
2443 22538 21660
3735 34194 8986
11294 7960
10635 5362 4783
9794 6889
26814 27502
14950 7129
1488 1160
26575 7731
20484 21377
15191 3565
8940 7122
27502 26814
4210 9783
17428 9783
3458 24267 15191
6646 2852 3104
24267 3458 15191
9015 4901
10747 12062 12415
11193 1939 18069
18835 7122 26021
13216 21210 21449
3003 28953
11723 13846
7911 8366
8912 4113
3119 25496
3308 25271
16317 3990 13763
2303 4312 1782
23415 26399 12184
5086 10802
16638 30136 16912
17416 14735
34308 28335
14933 22356 10032
9630 8573 9074
8002 3598 11975
2722 3417
8147 22733
1350 8784 2035
11877 13082
17429 29515 1382
2845 4932
34423 27674
31207 2603
30927 8221
28491 28994
3175 14357
3901 1732
932 17347
16701 10316 26987
6331 16565
6330 1367
21545 30934
9819 16126
30999 26729
16126 9819
12563 2355 12742
18931 7514
8573 9630
21762 13094 19071
25801 22235 25485
26126 19739
3575 7132
19963 19475
13763 3990 1812
18518 5236
1956 9542
22733 8147
8784 2035 1350
26399 23415 12184
21924 25493
4918 979
2355 12563 12742
8726 19502 7390
9984 15468
11337 15438
16244 17250
11975 3598 8002
16065 17496
31014 15259 2865
19071 13094
27889 21698
26987 13119 33946
2949 3261
9581 5525
15468 9984
19475 19963
911 1499
16301 786
11996 10648
4588 4316
15680 18668
20653 7991
22356 14933 10032
24501 20080 20516
18580 13140
8499 15627
10310 13182
5605 5238 11652
10967 2201
30136 16638 16912
6665 4089 7867
10254 2936
26369 24589
12742 12563 2355
7390 8726 19502
16965 27539
13119 26987 33946
5238 11652 5605
22983 11503
786 16301
15167 10130
20080 20516 24501
28410 25801
31555 6201
5937 11541
21801 19841 7694
32199 11213
12062 10747 12415
30408 21725
10198 14656 1602
4996 2570
12125 29692 24135
21725 30408 13504
18738 19351 4454
2193 2700 3207
30847 6522
15967 11400
21540 2587
18545 31009
3565 28785 33105
20519 29685 10546
1680 1618
5661 773
8256 16862
29214 17361
4000 7058 18481
15503 30630
1076 14859
11400 15967
14859 1076
3258 21342 14859
14819 26724 13404
30342 23439 25809
18612 6014 6498
13504 21725
6533 3543
6166 16256
7929 19163
1396 16547 12193
13902 5780 31467
21210 13216 21449
21342 3258 15426
8419 23012
11958 13934 20608
2352 4395
13632 34366
29324 6477
18908 21690 5534
12384 12581
19987 9944
15744 34444
34444 15744
13587 5375
15293 21056
23907 27898
5737 21670
13257 15098
9783 13425
19202 26021
14029 5198 16518
28801 26151
7216 16570
25623 13479 20581
15426 21342 3258
26016 14442
9710 15381 8695
23000 7070
21203 10479
32716 21066 7236
6833 17738 17045
17045 17738 6833
1479 17738 6833
13506 22668
17738 6833 1479
9665 23928
31276 23763
7058 4000 18481
22622 31276
5581 8015 17084
11933 6738 938
23763 31276
7072 7506
12460 6313 17736
9673 868 8843
4783 4607 4393
21948 20006
12499 19084
34366 13632
20581 4648 25623
6223 16821 15953
31185 9174
6572 1065
24378 5451
23076 13613 4757
21074 22841 33756
1838 7775 21742
7862 9567
26132 12600
15381 8695 9710
1986 17605 4069
12148 13587 32476
29685 10546 20519
24870 13773
16821 15953
10955 4637
5244 7982
20008 3622 7577
4648 25179 20581
21742 19250 1838
11907 19250 21742
8695 15381 9710
6748 6533 9880
26164 34321 5763
17720 13491
5524 33356
4619 17316
15382 25004
15953 16821
17316 4619
12765 6656 6684
15358 14583 7993
1864 1565 24068
884 3544
5345 13695 10383
27898 23907
7122 8940 4796
6568 6138
12193 16547 1396
4882 1655 12808
17602 29221
17569 5226
11080 14137
10546 29685 20519
4706 23241
15454 3132 29328
15064 10771 10794
16044 6577
2284 9306 15953
20609 4069
20608 11958
27336 22630 11141
11139 11596 6189
7789 22546
5423 3976 12913
12913 3976 5423
3976 12913 5423
22546 7789
10383 5345 10273
26279 23918 5943
18481 7058 4000
27153 13265 21320
6754 14310 2467
29221 17602
10540 8606
19773 11570
33756 34463
5375 32476 13587
6275 23845 19282
2914 23401
29692 12125 17546
23338 9650 3862
3207 674
9306 2284
31308 3777
1565 24068 1864
28109 29374
4607 4393 4783
5198 14029 16518
23918 26279 5943
8850 3293
7731 26575
16862 8256
4645 27091
18971 26331
10881 5753
5188 7159
5780 31467 13902
5943 3898 23918
7308 5960
13536 28352
5301 5997 25434
25434 5997 6760
6760 25434 18765
18765 6760 25434
10273 4539 10383
5997 5301 25434
33347 8945
18955 9306
26875 12350
3898 34507 32033
16051 12869 29332
10358 18765 6760
8986 3735 34194
906 1435
23241 4706
29914 25018
6656 12765 6684
1626 13011
16570 7216
27973 7261
3544 884
22538 21660 2443
34194 3735 8986
23272 30525
13008 30768
23713 29807
2231 33628
13653 26165
31365 2061
34507 32033 3898
4195 7675 3956
8391 19200
29807 26983
19833 4511 21970
10624 15429
13821 2695 2921
10902 16127 13622
23362 24047 5968
5847 7675 1882
24047 23362 5968
10110 28341
2695 13821 2921
5968 23362 24047
28000 17010 23199
16462 17321
14486 23431
15527 15462
6201 31555
1988 3612 19352
19352 3612 1988
16127 13622 10902
24068 1565 13144
10312 16154 15657
15860 14583 15358
5753 10881
30716 21330
17169 4422 11649
22630 27336 11141
26866 8391
12600 25541
28245 30262 28242
34463 33756
19351 4454
4657 6989
9944 19987
13404 14819 26724
15429 10624
1012 7789
32476 13587 5375
8561 11768 11614
13962 3158
9880 3540 6748
18296 12876
15988 3258
5254 10450 12474
25809 30342
760 26171
2657 760 26171
13425 9783
19328 4223 18212
3612 19352 1988
13356 19202
6176 1916
5170 9771 9395
7675 5847 4195
17849 2921 11355
28341 10110
9771 9395 5170
8678 4037
1190 6474 14201
14201 1190 6474
17321 16462
23431 14486
6474 1190 14201
9395 9771 20598
24199 17959
30147 23362 24047
14599 27115
2921 17849 11355
6495 1701
8613 3635
20598 9395
10019 22162 22585
9060 14201 9245
27115 14599
21731 10110 19053
16658 6577
15486 19202 26021
1701 6495
27571 6054
22162 22585 10019
5813 9588
1047 20598
8065 17707
33990 9547
1882 5847 7675
7548 16279
13622 16127 10902
20941 11551
27741 21073
21660 22538 33982
31009 18545
19174 19163
27441 21274 22272
12350 26875
16518 5198 14029
21377 20484
23199 6572 18038
4393 4607 4783
33356 5524
27847 17019 11526
27471 28342
28342 27471
12869 16051 29332
13182 10310
27616 9591
31467 5780 13902
25794 18148 27783
27783 25486 18150
28489 19557
7756 4107 827
32033 34507 22337
5556 27252
15442 29252
5226 17569
2061 31365
17786 16373 7309
26906 24039
13265 27153 21320
16120 13144 24068
27091 4645
28041 12560
20670 14419
11552 21790
13127 8239
26021 19202 15486
32854 19662
22783 28477
32622 10720
7159 5188
21558 21788 13900
17563 31043
19966 4766
4766 19966
22165 20652
22337 32033 34507
8945 33347
3132 15454
33982 15893
29083 26240
13537 21899
23261 10278
10794 15064
34374 22280
20041 19616
1315 9846
15403 25327 30811
25327 30811 15403
3956 5847 4195
6684 6656 12765
30900 6485
5960 8874
28477 22783
13042 6771
16399 5456
22949 30574
29332 16051 12869
29845 16293 4163
9650 23338
10750 10170
17378 10750
10170 10750
23285 4851
4851 23285
26320 9198
11002 26610
16836 23123
26900 32420
26171 760
32277 33266
8239 13127
12516 21274 27441
31774 10720 32622
32828 21806
9591 27616
21965 3818
31043 25030
30811 25327 15403
27315 9174
11614 8561 11768
15657 10312 16154
34448 5580
19535 20062 11106
24275 7373 3327
3455 28144
25541 12600
2677 6198
20744 19200 12111
19200 20744 8391
12111 19200 20744
21806 33276 32828
33110 20734
31006 5426 2344
5426 31006 2344
12288 8923
28445 4375
25656 11302 19833
29777 2061 31365
10771 15064 10794
16029 17439
6198 2677 15914
13144 16120 24068
22336 7966
34438 33944 6400
21714 20392
21790 11552
19250 21742 11907
5429 3654
9198 26320
29784 34364
2939 759 6638
9191 11541
21736 24681
2987 13519 21974
33276 21806 29927
23012 8419
21788 21558 13900
2570 4996
13844 30903
827 4107 7756
18437 30127
8212 7963 21821
14009 15914 6198
3528 1096
2911 30824
6392 14130
22737 10931 33431
14531 6096
4422 11649 17169
674 3207
3540 9880 5535
29927 32061
14981 2060
8794 24838
31293 8793
3850 18211 2943
8289 9376 2710
22668 13506
9376 8289 2710
2710 9376 8289
3157 20906 1686
27087 3537
18289 10931 1411
15914 6198 14009
14583 15358 15860
34026 28667
24506 25647
18211 2943 3850
4454 19351
10085 4738
11892 10455
32061 29927
13519 21974 5897
14890 14897
24581 11775 7617
6189 11139 11596
9481 6612
10931 1411 18289
6763 9210
20353 22576
15444 5713
21311 1069
23355 13964
13964 23355
7672 8859
7979 5475
6522 30847
2582 13320
16715 12016
22547 24351 25725
12016 16715
24351 22547 25725
25725 24351
6054 27571
30596 1036
29095 17243
9210 6763
7963 8212 21821
18690 6985
13491 17720
11768 8561 11614
26983 29807
12067 25086
16506 21443
14252 25953
19514 13061 27956
31484 14058
7966 22336
21008 28532
17121 25069
30262 28242 28245
22576 20353 14994
2978 30809
20253 22853
6096 14531
23123 16836
6263 24752
5580 34448
3537 27087
712 31780
19151 8910
22552 33844
22937 11541
3114 33539 34484
11283 7997 8968
4738 10085
17795 30355
11302 25656 19833
12025 26016 14442
32961 33865 29176
30346 21830 32978
17709 6396
32438 12512
15893 33982
14994 10231 29539
11775 24581 7617
14130 6392
1006 8133
7993 20066
25999 6577
1234 4379
1466 13891
28667 34026
21206 27328
3598 11975 8002
16456 15424
16565 6331
22853 15201
6024 2772
4375 28445
24838 8794
15424 16456
10368 21069
31988 1084
1084 31988
25030 31043
26165 13653
25953 14252
7997 8968 11283
8968 7997 11283
17243 29095
4757 23076
29328 15454 3132
32978 21830
9802 2217
2167 979
11382 956 33570
6629 17396
5067 18529
4716 11775 7617
21974 5897 13519
23125 8859
14964 21560 30332
21056 15293
30127 18437
7822 5023
4321 8621
23410 26945
33570 5018 11382
16758 3770
1686 20906 3157
20906 1686 3157
28136 20489
2400 2772
3892 7362
2772 2400
3110 13911 6904
6904 13911 3110
2435 23355 13964
22265 1446
691 15559
2258 17411
13575 9469
18529 5067
10231 29539 14994
15718 12127 15023
5023 7822
3143 15293 21056
8874 5960
21560 30332 14964
8859 23125
9628 20737
26342 14097
16426 674
7373 24275 3327
29539 10231
16470 2516 8240
27690 9481 6612
20489 28136
27053 33419
9442 993
13333 15517
12991 22183
5018 33570 11382
12341 906
1219 1226
28606 9741
30332 21560 14964
14120 3802
33791 18892
18112 28993
5203 18045 16051
28774 1612
1069 21311
20737 9628
33329 16146
9342 14686
14682 19409
15201 22853
20549 18608
7466 12474
7964 17925
3561 29350
16262 3692
31918 32374
3294 11742
7013 27136 24261
19053 21731
21073 27741
22457 31585
9245 9060
27136 24261 7013
33451 18615
19373 24139
27822 25989 32343
32343 25989 28440
25989 32343 28440
14334 22218
25767 22383
34010 25295
18421 20451
16589 11344
11344 16589
13861 2909 33743
17557 29988
6774 33628
33628 6774
26826 29002
20705 8674
12828 22155
30579 5586
25506 6591
20884 10040 7773
9951 20285
28873 28459
33784 12584
4631 28985
33499 5139
30756 5139
31034 29271
32583 27923
6556 23683
24593 12359
12359 24593
30105 17747
26764 23247
28618 30206
27899 14103
24698 19255
25662 17914
1401 22481
31371 21754
16409 17885
33070 8024
30323 14137 29476
7891 23962
4931 4978
10647 8339
33261 33141
30421 32889
3202 25983
33115 33146
12967 8823
32853 8557
21047 13606
31793 2599
20754 34149
30097 31830
20967 28784
28268 758
31409 33867
22409 33233
32204 12512
19381 25739
20547 29827
33806 776
32314 13675
7502 21735
21735 7502
32367 27790
32440 1052
21347 15760
27949 30926
33233 22409
29385 9751
18863 21901
16594 29585
30442 13740
30612 23912
3512 23198
5623 21896
12163 16917
6864 12163
16917 12163
33831 15704
18301 33829
15746 24890
34149 20754
13086 15764
2614 32725
23620 31252
30330 23112
13666 20342
20342 13666
26845 12536
15557 11835 5266
18460 5266
11835 5266 15557
33702 1889
1889 33702
32305 17831
27637 28239
29727 4781
31573 11189
33498 4592
19495 12490 26979
3470 34237
6878 900
4302 854
4592 33498 20874
6740 20128
861 19082
12107 18201
31704 5266
23962 7891
5650 12986
12986 19737 31347
26848 21465
33829 31252 18301
26852 31252
26979 12490 19495
4212 29781
4154 8676
12490 26979 19495
19502 8726 7390
20516 20080 24501
20188 20264 23390
32047 21321
34127 28892
32944 33580
28834 1254
33867 31409
31254 19797
23112 18240
30983 18240
27573 25922
10228 13047
9612 23073
23812 2467
20361 20411
33677 7906
29998 20022
27790 32367
31643 14663
21321 32047
20573 1286
19818 9619
8781 8024
13857 18575
11189 31573
8460 1537
34124 25082
25113 2032
23043 20451
24537 21803
31656 21341
21707 31471
25368 23946
20442 18334
32299 17979
18489 2272
896 32564
28607 10242
13138 24536 16194
16194 13138
6745 8738
8738 6745
19451 7504
13481 33376
33376 13481
8240 2516 16470
2516 8240
27843 32648
23028 3925
3925 23028
20622 19231
20479 23031
31374 18764
31166 21702
21702 33877
27320 26662
25319 1511
25765 25125 2408
30026 13318
13318 30026
23144 16571
26662 27320
29676 23067
22649 23067
5723 13276
13276 5723
22979 29446
4565 5814 25951
23153 25248
28227 1844
1844 28227
18530 33020
22480 2431
10042 29471
21341 31656
7344 5080
24151 9730
12584 33784
31045 18092 16101
22134 7176
7176 22134
28522 5624
33108 18575
21638 32477
13268 31414
4518 34326
15511 14790
31906 26953
31518 4790
24874 31518 4790
6055 3027
5143 20285
1615 15168
29939 1402
3140 25772
25772 3140
34326 4518 26610
10148 19377
1373 723
723 1373
3534 31111
848 723
5711 1916
8877 20367
25461 11432 4859
14350 8627
2971 1916
5256 24341
14566 31022
2673 10228
14564 3253
20785 32346
32346 20785
30485 21321
26505 11224
21066 7236
12899 18615
7646 20224
10889 21287 20224
13725 10889
7948 21287 18146
5519 21287
21287 18146
18201 12107
23073 16666
16666 23073
29271 33849
33849 29271
11398 19065
19015 24757
29969 22138
15037 32736
18127 25359
4790 31518
21751 21777
5750 19952 27095
27095 5750 19952
22811 12230 19887
21993 4502
20509 979
10972 10428
16682 12581
10428 10972
30734 7984
12039 11813
1128 1391
2729 1132
13100 12652
27668 3284
19282 23845
23845 19282
1945 26018 19925
26018 1945 19925
19925 26018 1945
17680 18760
4073 17680
33150 32346
29771 6843
6843 29771
19442 30626
33838 11911
11911 33838
30626 19442
20872 15864
19187 7504
18819 31636
25533 18537
29649 18537 25533
21694 18537 29649
5614 13228
6542 2599
13123 17361
11700 4950
26644 21199
17640 24948
24712 24037
8378 11929
31318 28314
30926 1189
34314 27732
13479 25623 20581
31632 16005
20591 26654
29790 18127 25359
9678 20029 22138
23618 17076
27080 28354
10495 5459 33265
28454 14674 15164
14674 28454 15164
30142 12584
4333 22944
20123 31079
31079 20123
4221 4884
13060 28125
20899 3405
3405 20899
8333 25681
8638 1454 23853
2232 1293 685
9350 19369 11891
19369 11891 9350
1293 2232 685
13885 19138
19737 12986 31347
28360 12921
4491 3226
27527 4491
3226 4491
3453 8007 13655
13655 6596 3453
4121 7012
14966 743 19137
743 19137
19137 743
30478 32286
18146 7948 21287
20224 10889 7646
28779 22256 26644
23439 30342
7243 17967 35035
21355 10325 20565
10325 21355 20565
20565 10325 26836
26836 13274 20565
13274 26836 20565
1616 17967
18237 22961
28389 1616
17967 7243 35035
17277 23607
7167 12491
29226 5330 9154
5330 29226 9154
9154 5330 29226
18286 11388 9154
16360 6455 11593
6455 11593 16360
11388 18286 29226
11593 6455 16360
29451 28125
27952 30029 27941
27941 30029 7609
7609 27941
3838 25239
30029 27941 27952
25239 3838
19264 16659
16659 19264 15097
16990 16053
10278 23261
17405 18437
2918 16836
25167 23778
813 25167
20082 28964
27732 34314
19843 19107 24449
24413 23819
23819 24413
31156 30183
23366 20469 6336
17019 27847 31196
31196 9205
9205 31196
20469 23366 11526
6336 23366 20469
11526 20469 27847
3589 23311 10400
31521 28036
22204 27644
25646 30609
30609 25646
26373 2627
20625 25646
14787 15099
15099 14787
2627 26373
20651 12794 5133
12794 20651 5133
16090 22879 2394
32578 31087
19085 2394 18271
22879 19085
23360 31087
8216 2530
4463 16706
23067 22649
25951 5814
2530 8216
11804 26233
16706 4463
5814 25951 4565
4389 28787
24361 17899 15080
19112 17899 24361
15080 17899 24361
20029 22138
17899 24361 15080
19233 6797 4695
25072 16826 24583
24583 25072 16826
11885 23597
10389 7109 20235
7109 10389 20235
15793 9808
20235 7109 10389
18639 24109
26858 22591 11696
22591 11696 26858
11696 22591 26858
31922 21232
26501 31134 29719
31134 26501 29719
29719 26501 31134
12370 14794 21556
14794 12370 31134
6719 21095
1035 6612
17331 9481 6612
10619 9888 13095
13095 10619 9888
25924 21602 15447
5966 3304 8072
3304 5966 8072
8072 3304 5966
9888 10619 13095
16548 12311
11928 21863 13858
2982 4014 8359
14622 6905
17742 11930 22872
6905 10409
30859 25984 10409
3168 4014 2982
4014 2982 3168
7074 11930 18643
25984 30859 6905
11930 17742 18643
13858 11928 21863
10409 25984
22872 11930 17742
21863 11928 13858
4224 6905 30859
8359 3395 2982
2830 11930 17742
17031 1112
32104 29292
22161 27890
24452 21128
2100 12060
21128 24452
19501 27890
2387 12060
27890 22161
12060 2100
27598 18115
8055 22874
22874 8055
4719 3667
3667 4719
24153 34378
34378 24153
3941 9496
5371 19647
34204 19647 22575
19647 5371
14789 22575 5371
22575 14789 5371
15164 28454 14674
8828 12264 13672
9496 3941
12264 8828 13672
19631 21380
3681 10823
21380 19631
10823 3681
12721 32101 5862
5862 32101 12721
32101 12721 5862
7229 20755
17920 9711
20755 7229
2505 5141
10989 14355
21479 3825
30787 25140
25190 18204
18204 25190
18643 11930 7074
18392 3167
3167 18392
13363 23126
22585 22162 10019
9588 5813
4273 9132
32754 30283
24261 27136 7013
11355 2921 17849
9946 11019
11019 9946 13978
13978 11019 9946
19416 1450
1450 19416
30283 32754
3770 16758
22183 12991
31585 22457
7362 3892
5970 1867 1242
993 9442
13483 10158
18528 17674
26331 18971
18608 20549
10157 25132
17411 2258
27554 13837
17925 7964
15023 12127 15718
11649 4422 17169
15517 13333
25386 14686 9342
32289 31467
18045 5203 12869
8133 1006
9536 32663
13891 1466
18505 17409
3692 7355
19609 23153
10158 13483
8873 16293
16293 8873
5682 11541
14687 23125
34370 21443
1298 5811
12479 21830
17674 18528
28242 30262 28245
10472 24443
1867 5970 1242
4044 7862 9567
1242 1867 5970
5811 1298
8687 2289
5122 7315
13911 3110 6904
1226 1219
10519 18606 4821
27882 30777 33105
30777 27882 33105
7070 23000
33105 27882 30777
28785 22797 33105
22797 28785 33105
16304 5745
8015 5581 17084
33383 17409
2060 14981
10450 5254 12474
18892 33791
25132 15251
8543 15517
18753 24911
31960 4163
1435 906
14686 25386
19110 19738
24443 10472
2289 8687
24060 15537
11096 12873
12873 11096
3128 11096 12873
22450 23635
28715 14097
7617 11775
19738 19110
9567 8602 4044
3588 7982 5209
22636 33190
15537 32289
21978 5227
12127 15023 15718
21899 13537
15007 2877 5402
2877 15007 5402
6251 10962 9038
10962 6251 2877
26702 7163
7163 26702
9038 6251
13922 9904
9904 13922
5402 15007 2877
16091 13960
19786 6512
20741 10537 14262
14262 10537 20741
17035 21379
21379 17035
10537 20741
25609 27332
14980 17148
31636 18819
11224 12586
19900 12586
12586 13961
13961 12586
7246 14793
14793 11265
11265 14793
12908 5342
17480 27060
15599 12449
18523 18248
10196 13940
12449 15599
21573 16683
18607 21573 16683
27060 1720
16683 21573
16824 18713
1863 13374
26224 32892
34879 35183
34758 35828
34700 34699
34789 34594
34832 34970
34609 40305
35035 7243 17967
36116 35694
35705 35053
36678 36764 36097
35562 36342
37160 36342
37271 35391
36764 36678 36097
36992 40486
36342 35562
37308 34948
36053 35941 36538
35781 36987
35532 34948
35392 36646
35466 35248
37112 38882
36248 38882
36068 36825
37228 40720
36255 35692
36097 36764 36678
37280 37201
35894 35373
36892 37121
35658 34967
36945 40367
36787 38882
35375 34967
36691 35651 36496
37110 36891
35956 34967
35411 36946
36968 36166
35054 36073
36906 35579
35299 36909
35950 36530
37215 35578
36858 36903
36842 36968
36508 40305
35358 35221
36496 35651
35712 35085
35494 35603
35651 36691 36496
35623 36619
37049 36438
35483 37267
36519 35374
36994 34785
35186 35519
35354 35261
36191 35754
35268 35999
35187 35962
37267 35483
36335 40305
36681 37086
35449 40359
35999 35268
35313 35346
34948 35532
36186 35551
37108 37104
36941 36314
34966 35857
35579 36906
36890 35017
35799 35838
35017 36890
36907 35082 36984
36533 36092
35056 35248
36293 36186
35945 35207
35103 38134
36628 35373
36838 35532
36224 35700
35043 35045
36028 34944
35045 35043
36300 35709
36728 34990
35804 36728
37324 37351
38028 38122
38540 38662
38478 37626
38776 38335
37702 37678
38553 38250
38447 37813
38004 37585 37810
37585 38004 37810
38422 38712
38871 41206
37889 37861
37774 38342
38345 38243
38475 330
38581 37382
38662 37759
38518 37853
37810 37585
38506 38286
38286 38506
37659 37865
38798 38230
38499 37747
38828 37568
37831 38553
38325 480
37720 38506
37861 37889
37813 38477
37988 37916
38169 37549
38122 38028
38463 34379
38244 37749
38115 37788
37759 38662
37916 37988
38485 38011
37553 41134
38243 38345
38706 38055
37678 37749
37627 1299
38717 37741
37603 38250
38969 38964
38964 38969
38907 36277
38921 35369
39488 39888
40072 39888
39873 39863
39157 39402
39863 40057
40057 39863
39574 39402
40157 40092
39602 40275
39378 40212
39844 40092
40014 39896
39417 39456
40028 39854
39456 39417
39896 40014
40593 40305
40353 40579
40466 40579
40511 40579
40474 40481
40374 40579
40364 40579
40493 40579
40318 40335
40355 40377
40399 40316
40496 35990
40566 40472 40579
40377 40430
40332 40301 40398
40341 40332
40450 40377
40369 40572
40430 40377
40479 40542 40332
40578 40542
40588 40579
40322 40315
40301 40332
40472 40566 40579
40434 40305 40301
40423 40332
40305 40301
40315 40322
40362 40332
40398 40305 40301
40446 40417
40352 40305 40301
40507 40298
40535 40301 40332
40852 40723
40828 21
40935 40746
40878 363
40861 427
40869 40876
41642 40982
41693 41041
40958 40982
41416 41000
41616 41457
40961 41406
41068 41127
40976 41363
41153 41127
41161 41363
41555 40619
41132 41537
41665 41005
41375 41177
41124 41363
41210 41665
41792 23683
42040 23559
42052 41870
42034 41791
41870 42052
41796 28541
41981 42039
42082 24901
41855 42023
42039 41981
41791 42034
